Output1
AVL tree:
25 12 6 3 2 5 10 7 9 11 21 17 14 19 20 23 22 24 37 32 31 28 34 33 36 44 40 38 39 42 41 43 51 50 48 52 
Total cost: 260

Splay tree:
24 21 20 17 10 9 5 3 2 7 6 11 14 12 19 23 22 48 28 25 31 36 34 33 32 38 37 42 41 39 40 44 43 52 51 50 
Total cost 549

Output2
AVL tree:
47 15 8 3 2 1 5 4 13 12 9 14 30 18 17 23 22 26 38 33 31 35 44 43 42 45 46 63 56 49 48 54 50 61 59 58 60 62 81 74 68 64 65 69 77 75 78 89 85 84 83 87 86 88 94 91 96 95 
Total cost: 427

Splay tree:
78 42 22 4 1 2 3 17 9 8 5 14 12 13 15 18 26 23 38 35 31 30 33 54 50 47 44 43 46 45 49 48 65 59 58 56 64 62 60 61 63 75 74 68 69 77 86 85 84 83 81 87 88 91 89 94 95 96 
Total cost: 926